1000 5000 5
139383 136 2004
86915 63 1981
135386 52 2007
91421 12 1996
118690 79 2018
63926 110 2016
139172 86 2000
145368 117 1983
115782 80 1982
115123 137 1984
63929 22 2007
73058 119 2010
111393 106 2002
128042 89 2004
134421 89 1997
148537 28 2006
148315 90 1994
53526 101 1997
109956 13 1991
149170 16 1990
52305 25 2003
86327 76 1997
100846 99 2017
75857 74 1995
69582 25 2009
83367 84 2003
94043 50 2008
76808 126 1982
145788 104 2013
52651 84 1993
149932 30 1997
143368 69 2011
86226 126 1986
147539 115 1987
101434 38 1991
116601 97 1988
123317 132 2002
110756 91 2003
74286 81 2007
79689 44 2003
108440 109 1986
58117 27 1994
84481 45 1995
148927 127 2011
129497 93 1989
126965 26 1985
56219 74 1993
82871 62 2009
59503 79 1989
113368 128 1985
76340 89 1995
50723 108 2014
72846 121 2011
93555 89 2011
87764 78 1990
142350 103 1996
107034 114 1995
74914 17 1982
123743 61 1988
98365 79 1990
101432 21 2006
149228 35 2015
51474 51 2009
144395 59 1984
58235 33 2003
144428 133 1992
85928 59 2006
72404 63 1987
64613 98 1988
86840 104 2008
85128 118 1980
117917 107 2007
93324 93 1986
62183 110 2009
139772 15 2008
105590 25 2003
52954 26 2001
88082 82 1991
60197 117 2004
78804 68 2009
123622 58 2000
137343 36 1982
104340 102 2000
63810 105 1996
75661 130 1990
61305 110 1982
129444 16 1998
53465 78 1981
58282 48 1985
117637 102 2006
112600 56 2015
61899 49 2017
97468 111 1980
137131 21 1999
58933 94 2002
120163 89 2012
98899 136 2007
63773 23 1998
137190 65 1997
66466 94 2013
72090 74 2007
105542 116 1996
67445 56 1981
68418 107 1994
53348 112 2016
112009 76 2006
116342 17 1989
69301 83 1992
125321 85 1997
94599 131 1991
105939 21 2018
65667 65 1983
61127 30 2016
146658 10 1999
52422 99 1997
104081 30 2000
129292 32 1982
123850 115 2016
91222 89 1987
56042 118 2006
102298 40 2004
92590 29 1983
138819 126 2004
121155 44 1993
110379 59 2004
131776 120 1987
71860 52 1985
95884 113 1987
117621 57 1988
140613 71 1994
81326 109 2011
78202 112 1994
86784 51 1980
140868 108 2017
58872 118 2001
60498 56 2007
107753 118 2013
83333 53 1988
122890 64 2011
101746 98 1995
64500 16 2016
99797 89 2014
123303 113 1992
62497 113 1987
97686 85 2006
63996 125 2000
99157 119 2017
82460 94 2010
120460 24 2015
138027 120 1988
57556 102 1994
147697 129 2008
51039 92 1983
56403 110 1982
67647 88 2008
145151 75 2006
54339 52 2013
66127 64 2006
110049 84 2009
86429 33 2002
53177 100 2017
57971 129 1995
145367 88 2013
135795 23 1998
52829 30 1998
105340 91 2013
103826 122 2003
106042 100 2007
78023 71 2016
76309 90 2001
68996 117 2015
54234 30 2017
114524 37 1991
123168 115 2018
76312 106 2014
54346 86 2007
54916 42 2004
143529 86 2005
52647 40 2001
69080 51 2005
80857 97 1997
111886 14 1981
143512 50 1995
109479 30 2011
116189 54 2003
97641 70 2016
148987 18 1999
74566 70 1984
106856 17 2016
122260 69 2018
57205 119 1991
98518 125 2010
86873 78 1985
117637 59 2005
76607 78 2010
99314 31 2007
141100 129 2003
139438 95 1998
83074 23 1981
83681 103 2016
100270 29 2008
51839 39 1981
142622 24 1999
69847 11 1996
106682 110 1988
95791 27 1998
141521 97 1987
81491 97 1996
109231 101 2012
143740 14 1988
104098 135 1996
137516 36 2014
122231 109 2015
135404 138 1993
69218 11 1989
89862 32 1995
144977 135 1991
149904 66 2013
129207 19 2016
139744 129 2007
70127 70 2015
127560 78 2018
60563 139 2000
138711 65 2000
113291 35 1988
143614 119 2011
78993 78 1995
126882 32 1987
76717 70 1998
61574 76 2014
131486 13 2009
53074 34 2001
128179 37 2013
65775 38 1992
85710 42 2004
61017 16 1985
121137 111 2014
73943 23 2000
50925 101 1997
144018 47 1998
146963 125 2002
113858 70 2013
148571 41 2016
139685 139 2007
72604 101 2000
99250 58 1982
59485 36 1980
64639 29 1982
130967 96 1984
137677 116 1983
90865 80 1994
77955 50 2004
109211 92 2012
95196 79 1998
108270 64 2011
144427 74 1981
97283 92 1996
95830 53 2015
116950 110 1984
103714 69 1989
84047 124 2007
139435 22 1984
72954 43 2003
95486 90 2008
139159 62 2010
139683 121 2011
91723 14 2017
99122 104 1995
85821 17 2004
52747 101 2000
110269 138 1985
71703 113 1997
100907 89 1980
112806 97 2010
97084 138 1986
92698 41 2007
148898 115 2013
75171 129 2006
102506 100 1987
128224 119 1989
140000 28 2015
95053 31 1990
121338 39 2007
78067 137 1990
126787 131 2015
142122 81 1983
134850 49 1997
52254 120 2001
123813 77 2003
149181 21 1995
65720 13 1988
140181 37 1985
129296 105 2014
88722 122 1998
80297 42 2004
93181 46 1984
117057 118 1998
109999 132 1993
137483 56 2008
118977 29 1995
89932 12 1986
94266 133 2002
53682 111 1993
119086 25 2017
85990 93 1986
101476 56 1996
91892 75 2013
88839 125 1992
101136 70 1988
97643 127 2008
56582 21 2010
67955 28 2018
76815 40 2016
70853 88 2018
61783 40 1986
59097 17 1983
71269 91 1983
83149 40 1983
80639 108 2004
86610 103 1980
83890 36 2005
104552 41 1997
138777 19 2001
98566 62 1990
122641 25 1995
141298 74 1989
146776 115 2005
73428 124 2011
130308 93 1981
72197 75 1984
100774 85 2012
72325 127 1993
98412 67 1989
115421 133 2002
92439 84 1980
98159 135 2007
51354 71 1982
142972 91 2005
111852 50 2000
125482 139 2013
115154 83 2013
136506 31 1989
74790 123 1981
73172 137 2003
68859 18 1986
57280 57 1994
96590 131 1980
75352 65 1996
143069 17 1997
63083 91 1985
139300 116 1983
54667 124 2004
131032 14 2015
89875 59 1999
63412 48 1994
140636 130 2015
112844 110 1982
76814 95 1998
72326 66 1994
96039 109 2011
70152 31 2002
61790 39 1988
109631 123 2006
145735 78 1992
51877 33 1991
103198 59 2009
115155 23 2008
138156 120 1989
148823 36 1995
125358 77 1990
143245 111 1985
83990 83 2014
134100 14 1986
118364 22 2003
92659 99 2015
75844 129 2012
91551 26 2014
70019 43 1994
69304 106 1996
82475 96 1988
138967 92 1985
111729 72 2009
138131 22 2015
99207 78 2001
51183 27 2014
107472 43 1991
75062 115 1994
116797 86 2016
143141 43 1997
125474 40 1980
93485 48 1984
100030 89 2009
56898 60 2009
56424 79 1986
61641 82 1993
123480 96 2000
78789 40 1988
92723 58 2002
102493 131 1983
74220 25 2013
99613 71 1986
88270 111 2013
57829 91 2001
108743 15 2005
93024 28 1989
102386 89 1986
129969 60 1991
50030 83 2015
82587 69 2006
79649 109 1997
57339 34 1980
137330 56 2005
81349 105 1995
93881 71 2003
124133 17 1982
73287 93 1985
131519 72 1984
140244 64 1981
66259 13 2014
86353 82 2011
108705 44 1983
76799 64 1990
124315 95 1984
90853 59 1982
66487 22 2002
95562 59 2007
135205 130 2006
146911 137 2009
73403 126 1986
50821 92 1981
52443 49 2004
111528 58 1995
82700 95 2015
73787 109 1986
92589 106 2011
149426 108 2010
113036 66 1990
96092 27 2000
65921 70 1986
104166 124 1992
124123 27 2018
149484 67 2015
83931 27 1985
75165 136 2006
67069 65 2012
117422 81 1982
98569 139 2012
75676 42 2006
55340 105 2003
70172 71 1989
56527 16 1995
105812 100 2014
112124 123 2005
115186 39 2002
106794 28 2005
136141 102 1988
132437 53 1987
113590 129 2008
76513 71 2013
128257 124 1985
102346 113 2005
101225 75 2006
86421 62 2005
90634 28 2008
70356 72 1989
135472 36 2018
118111 13 2010
97661 65 2012
120216 79 1996
85344 116 1995
96267 34 1994
110757 109 2009
144650 12 2009
131876 19 1988
113953 125 2001
91598 127 2001
64937 100 1980
82540 44 2009
70083 120 2015
65609 36 1993
72939 113 1992
131304 103 2015
80164 93 1981
114349 71 2003
66339 64 2014
141986 92 1991
111079 121 2018
72407 64 1987
89561 39 1993
89053 108 1980
65494 129 1982
87581 73 2012
90187 139 1980
142438 118 1989
101320 30 2017
54486 68 1984
136463 128 2006
99010 85 2008
106142 126 2011
144425 62 1981
132853 126 1983
66748 87 2009
90516 46 1983
115159 137 2000
122553 107 2009
93003 75 2003
68107 28 1991
79154 61 1990
142334 73 1992
126784 48 1992
131763 13 1993
96560 71 2007
135185 57 1991
145097 58 2003
123349 133 1999
102634 76 2012
58585 105 1994
84986 70 1993
87892 26 2017
139569 132 2018
146366 95 1998
72833 38 2007
123847 23 2018
72300 52 1990
110629 103 1984
106508 67 1985
80775 132 2005
103540 30 2002
56518 95 1994
79499 54 2012
66908 93 1981
134303 66 1998
98432 54 1987
99810 94 1990
103596 55 1994
98696 34 2013
144465 101 2007
75361 13 1989
104187 81 1996
55981 110 1990
123879 10 1995
73293 44 2013
67135 18 1992
106942 110 2011
104163 106 2004
148500 135 1991
76234 132 1993
95950 63 1996
75339 120 2002
52293 63 1998
116382 14 2012
80323 58 1983
66951 93 2006
66465 138 2002
84813 103 2009
98977 85 2004
65464 139 2009
64107 132 1999
115740 81 2007
59587 77 2008
108793 29 2013
96620 24 2011
107371 118 1992
138534 93 2003
123567 37 1982
116067 124 1992
97433 120 2007
62132 119 1986
135523 120 1994
88147 69 2009
142335 62 1991
71968 103 2006
100339 96 1986
60936 53 1993
127052 70 1981
69204 117 1980
69540 61 2002
86997 25 2009
83878 58 1991
69170 17 1998
61520 83 1999
143660 133 2003
62267 83 1985
134292 21 1989
92553 73 1987
71862 78 1990
121198 110 1991
72376 39 1980
139503 117 2005
104673 27 1986
93823 99 2009
133044 92 1990
118012 19 1987
89747 124 1985
53134 99 1985
81742 103 1990
141638 121 2001
112958 139 2017
91484 135 1983
79090 90 2003
113923 63 1988
88320 110 2018
56952 62 1991
53807 139 2001
122525 124 2012
140158 76 2014
109560 106 1998
82973 137 2012
113748 51 1981
119409 33 1983
51832 86 1998
89833 28 1983
76127 110 1983
106631 19 1983
98341 26 2008
77458 65 2009
114901 75 2004
81867 30 2014
100732 88 2018
93705 100 2002
115457 82 2000
93461 127 1993
76169 57 2017
82538 138 2014
85018 100 2004
70392 30 1983
86754 23 1983
125743 60 1993
83021 15 1993
83720 10 1994
89634 127 1991
131983 31 1980
98142 80 2001
95063 70 1987
126554 128 2014
81492 110 2008
50034 85 2011
108094 20 1983
88644 42 2003
71784 62 2005
126925 107 1993
88602 122 1990
80296 126 2010
60840 89 1980
70512 26 2007
57654 78 1993
82428 42 2016
126088 116 2000
87797 60 1980
83694 85 1983
124782 22 1991
92869 76 1986
131417 104 1987
99299 24 2003
96350 96 1980
90292 22 2009
85164 83 2016
117721 31 1981
96410 50 1980
137902 15 1992
75916 59 1993
66439 38 1994
107806 105 1984
64511 74 2014
65265 137 2011
102976 19 2000
109134 83 1997
100127 16 1994
117697 86 1996
116839 70 2003
102986 16 2002
85767 27 2017
120136 85 1997
120037 46 2011
145367 122 1982
83934 70 1993
76095 84 2001
70631 72 2009
143630 11 1982
149242 80 1992
121161 96 1999
134169 75 2018
131135 81 2018
126180 80 2015
135900 88 2012
122996 64 1981
144114 19 1980
134416 32 2005
61625 122 1980
88502 77 2011
102949 30 1982
147235 30 1995
137799 107 2003
81502 98 1982
143799 68 1984
89013 16 2012
53766 80 1997
97194 79 2006
85776 14 2004
87209 98 1995
84684 129 2002
114835 115 2009
129781 76 1992
132362 88 1989
76264 59 2010
56853 104 1990
140769 21 2011
54105 17 2015
101142 24 1982
124565 45 1992
107265 22 2007
53107 37 1997
113558 31 2011
135160 73 1987
145038 107 2000
61796 83 2003
58430 54 1988
145407 29 1983
123495 31 2012
87967 48 1997
110029 15 2009
142631 83 2000
83007 13 1995
51662 33 1995
80096 101 2015
62110 19 1986
53069 51 1991
73090 139 1997
69369 96 1982
77682 54 2007
84295 103 1989
91187 104 2010
112251 34 2000
94564 88 2010
53193 84 1999
114401 75 2008
101394 26 1997
88589 76 1998
112795 106 2007
108803 130 2014
83882 55 2003
111648 25 2009
62505 66 2009
149067 73 1996
123790 108 1994
130768 11 2007
149093 115 1997
136251 74 2001
87651 41 1982
60435 37 2011
125275 101 2007
142200 109 2009
103842 134 2015
59560 51 2002
94664 13 1996
71955 111 2010
103542 96 2000
92496 139 1988
78258 110 1981
63846 97 2008
93294 14 2008
117250 85 1990
93253 19 2012
83555 100 2016
132719 16 1993
76644 103 2018
79729 36 2013
93370 94 2012
88858 82 1985
96286 98 2007
123513 134 1986
104421 107 2011
100658 30 1983
124729 97 1982
92053 109 1991
92772 35 2006
91302 134 1995
119440 126 2014
147086 75 1984
60946 13 2007
138751 97 2004
104833 30 1984
51392 39 1993
132271 120 1990
73381 56 1985
119388 108 1984
124951 123 2006
127259 53 2006
101514 31 2008
75972 27 2013
148129 131 1983
77630 84 1980
148078 97 1996
119078 50 1991
124186 31 1985
78825 52 2008
109639 73 1991
146358 124 1984
65055 30 1993
104589 123 1999
111246 102 2003
74893 92 2000
149950 60 1998
103428 30 2012
110056 87 1983
128241 74 2012
133458 14 1986
50658 34 2010
149281 119 2006
59118 80 2002
74763 46 1992
101318 109 1983
109970 31 1996
102111 99 2017
60012 36 2005
107055 19 1993
128979 19 1997
117089 17 2010
64995 60 1991
124211 39 1996
120711 104 2009
85326 114 2004
96632 17 1989
101761 28 2000
53441 61 1989
142210 136 2000
96894 37 2011
93483 88 2005
128337 13 1993
149213 97 2009
77998 60 2001
108641 126 2014
66035 118 1997
50131 92 1990
130709 65 1991
67824 116 2015
56071 52 2016
78906 135 1980
136989 134 1996
78656 28 1992
63970 18 1990
83102 139 2003
71018 106 1983
104042 70 2015
134284 119 1980
104461 25 1997
138924 56 2013
149356 93 1984
102847 14 1981
130744 130 2014
107257 82 1983
119451 96 1984
86299 14 1991
103489 106 1986
122784 132 2006
131272 13 1983
53868 139 2003
53818 16 2010
58253 115 1990
78215 49 1995
129269 37 2004
106709 130 1999
118232 51 2004
63522 40 1996
75413 56 2015
118264 18 1981
126250 38 1981
121794 28 1989
133804 112 2016
149267 29 1980
113193 59 2009
72254 80 1986
126850 95 2001
114350 69 2007
105148 62 2002
67177 56 2012
103954 68 2017
71698 13 2009
102470 107 1983
65469 96 2018
141440 101 1991
71288 66 2011
140816 76 2005
119027 138 2001
143059 86 1989
118399 44 2011
109967 18 2005
70688 138 2010
71676 20 1990
70239 31 2000
78242 82 2001
91306 70 1994
82493 119 1982
136386 138 2006
66509 27 2004
114626 98 2001
132649 98 1998
113181 56 1985
60720 124 1982
110014 14 1993
125739 136 2000
54735 25 1982
119257 10 2002
112507 46 2014
82483 65 1994
117037 123 2005
133348 133 1989
85368 26 1983
111149 67 2007
63159 93 2013
73221 62 1983
132775 67 2013
79462 36 2000
104097 33 1998
92061 58 2016
69117 56 1987
70959 66 2008
90259 96 1998
64057 15 2016
114030 95 2011
60417 96 2013
147813 92 2006
117523 16 1980
118394 103 2006
53163 97 2002
138339 14 2011
138549 73 2015
136442 104 2011
127904 23 1992
107302 74 2012
51004 131 1984
51101 66 1988
112327 20 1994
103939 126 1985
88445 31 2007
114680 52 2013
66032 42 2000
142203 126 2016
78560 60 1993
136252 33 2018
128440 127 1985
111048 10 2016
134148 127 2015
143554 117 2003
93363 134 1987
58342 94 2003
141254 49 2009
95764 52 1983
145777 62 2009
121704 84 1980
87575 76 1983
70160 124 1983
83623 52 1986
95488 126 1991
74149 52 1985
71825 44 1992
144151 110 1992
112382 54 1982
62959 102 2010
73786 136 1993
102167 94 2010
81809 96 2007
81109 69 2000
111451 27 2001
94070 88 2017
83764 13 1986
61564 106 1998
143503 138 2016
105432 97 2006
124967 36 2003
139304 103 1983
92292 34 1991
112275 85 2013
83400 117 2006
115573 107 1982
52159 53 1987
117850 37 2005
103902 100 2017
72431 24 2002
102861 121 2002
66898 78 2006
134821 90 2017
126790 17 2017
92780 27 1994
78279 113 1987
107436 54 1981
118428 14 2008
121759 99 1982
63458 90 2009
56484 83 1993
57329 74 1996
118158 15 1987
70782 128 1995
62661 78 1988
55247 20 2000
108962 26 2007
57571 107 1988
112638 96 1999
84017 124 2016
127140 20 1998
